torus
25 0 0
20.2254 14.6946 0
-5 -0 -1.31134e-06
20.2254 14.6946 0
-4.04508 -2.93893 -1.31134e-06
-5 -0 -1.31134e-06
20.2254 14.6946 0
7.72542 23.7764 0
-4.04508 -2.93893 -1.31134e-06
7.72542 23.7764 0
-1.54508 -4.75528 -1.31134e-06
-4.04508 -2.93893 -1.31134e-06
7.72542 23.7764 0
-7.72543 23.7764 0
-1.54508 -4.75528 -1.31134e-06
-7.72543 23.7764 0
1.54509 -4.75528 -1.31134e-06
-1.54508 -4.75528 -1.31134e-06
-7.72543 23.7764 0
-20.2254 14.6946 0
1.54509 -4.75528 -1.31134e-06
-20.2254 14.6946 0
4.04509 -2.93893 -1.31134e-06
1.54509 -4.75528 -1.31134e-06
-20.2254 14.6946 0
-25 -2.18557e-06 0
4.04509 -2.93893 -1.31134e-06
-25 -2.18557e-06 0
5 4.37114e-07 -1.31134e-06
4.04509 -2.93893 -1.31134e-06
-25 -2.18557e-06 0
-20.2254 -14.6946 0
5 4.37114e-07 -1.31134e-06
-20.2254 -14.6946 0
4.04508 2.93893 -1.31134e-06
5 4.37114e-07 -1.31134e-06
-20.2254 -14.6946 0
-7.72543 -23.7764 0
4.04508 2.93893 -1.31134e-06
-7.72543 -23.7764 0
1.54509 4.75528 -1.31134e-06
4.04508 2.93893 -1.31134e-06
-7.72543 -23.7764 0
7.72543 -23.7764 0
1.54509 4.75528 -1.31134e-06
7.72543 -23.7764 0
-1.54509 4.75528 -1.31134e-06
1.54509 4.75528 -1.31134e-06
7.72543 -23.7764 0
20.2254 -14.6946 0
-1.54509 4.75528 -1.31134e-06
20.2254 -14.6946 0
-4.04509 2.93892 -1.31134e-06
-1.54509 4.75528 -1.31134e-06
20.2254 -14.6946 0
25 4.37114e-06 0
-4.04509 2.93892 -1.31134e-06
25 4.37114e-06 0
-5 -8.74228e-07 -1.31134e-06
-4.04509 2.93892 -1.31134e-06
-5 -0 -1.31134e-06
-4.04508 -2.93893 -1.31134e-06
25 0 2.62268e-06
-4.04508 -2.93893 -1.31134e-06
20.2254 14.6946 2.62268e-06
25 0 2.62268e-06
-4.04508 -2.93893 -1.31134e-06
-1.54508 -4.75528 -1.31134e-06
20.2254 14.6946 2.62268e-06
-1.54508 -4.75528 -1.31134e-06
7.72542 23.7764 2.62268e-06
20.2254 14.6946 2.62268e-06
-1.54508 -4.75528 -1.31134e-06
1.54509 -4.75528 -1.31134e-06
7.72542 23.7764 2.62268e-06
1.54509 -4.75528 -1.31134e-06
-7.72543 23.7764 2.62268e-06
7.72542 23.7764 2.62268e-06
1.54509 -4.75528 -1.31134e-06
4.04509 -2.93893 -1.31134e-06
-7.72543 23.7764 2.62268e-06
4.04509 -2.93893 -1.31134e-06
-20.2254 14.6946 2.62268e-06
-7.72543 23.7764 2.62268e-06
4.04509 -2.93893 -1.31134e-06
5 4.37114e-07 -1.31134e-06
-20.2254 14.6946 2.62268e-06
5 4.37114e-07 -1.31134e-06
-25 -2.18557e-06 2.62268e-06
-20.2254 14.6946 2.62268e-06
5 4.37114e-07 -1.31134e-06
4.04508 2.93893 -1.31134e-06
-25 -2.18557e-06 2.62268e-06
4.04508 2.93893 -1.31134e-06
-20.2254 -14.6946 2.62268e-06
-25 -2.18557e-06 2.62268e-06
4.04508 2.93893 -1.31134e-06
1.54509 4.75528 -1.31134e-06
-20.2254 -14.6946 2.62268e-06
1.54509 4.75528 -1.31134e-06
-7.72543 -23.7764 2.62268e-06
-20.2254 -14.6946 2.62268e-06
1.54509 4.75528 -1.31134e-06
-1.54509 4.75528 -1.31134e-06
-7.72543 -23.7764 2.62268e-06
-1.54509 4.75528 -1.31134e-06
7.72543 -23.7764 2.62268e-06
-7.72543 -23.7764 2.62268e-06
-1.54509 4.75528 -1.31134e-06
-4.04509 2.93892 -1.31134e-06
7.72543 -23.7764 2.62268e-06
-4.04509 2.93892 -1.31134e-06
20.2254 -14.6946 2.62268e-06
7.72543 -23.7764 2.62268e-06
-4.04509 2.93892 -1.31134e-06
-5 -8.74228e-07 -1.31134e-06
20.2254 -14.6946 2.62268e-06
-5 -8.74228e-07 -1.31134e-06
25 4.37114e-06 2.62268e-06
20.2254 -14.6946 2.62268e-06
